3
10
18 8 21 24 8 4 20 15 14 23
17 22 3 14 3 19 19 7 6 13
2 26 10 10 10 7 18 14 15 17
13 25 7 20 18 21 8 2 4 24
4 3 1 5 15 3 15 12 22 23
19 22 9 17 6 9 22 26 2 5
12 13 19 13 6 2 12 19 24 8
21 21 24 15 4 1 20 13 14 5
6 10 17 13 7 4 22 16 9 7
17 8 12 11 20 13 5 24 11 3
11
19 1 20 18 8 11 21 11 4 19 14
14 17 6 10 19 3 5 9 18 20 7
4 8 9 3 3 1 3 17 3 19 21
20 19 13 21 20 17 5 21 15 3 10
18 1 7 16 19 21 15 8 7 17 5
21 1 3 11 14 4 15 10 14 15 17
5 15 5 12 16 5 15 14 8 11 5
14 18 2 19 19 8 5 7 11 11 1
20 9 13 8 16 4 21 20 12 16 1
9 11 7 18 5 19 5 18 13 18 20
5 16 1 12 6 15 8 15 3 18 7
20
11 34 7 49 59 88 79 12 63 38 13 27 9 70 97 92 86 95 84 18
11 84 39 44 86 86 59 52 61 97 81 94 92 78 32 7 5 62 41 75
15 61 71 27 3 4 79 51 95 99 73 27 75 31 4 7 15 51 50 16
6 81 32 61 75 24 36 26 57 55 52 15 35 44 30 25 2 54 12 25
42 4 66 1 23 44 1 7 63 27 82 70 40 45 4 3 12 35 11 85
97 55 69 49 34 79 37 69 89 66 85 22 23 88 24 79 1 48 85 72
4 67 23 3 27 18 37 61 7 68 88 80 35 21 42 88 38 10 81 84
78 86 21 50 46 13 50 9 54 3 1 94 85 75 80 45 31 100 29 70
9 59 7 48 81 82 43 68 90 37 26 41 84 31 58 42 4 96 86 20
22 4 49 94 74 42 6 38 84 90 29 95 84 36 18 4 10 34 71 26
46 43 7 88 18 21 96 57 3 72 52 83 50 53 56 51 19 50 57 6
15 30 88 26 49 10 6 12 98 81 47 88 82 2 68 85 62 12 92 88
100 31 5 15 76 84 39 10 52 61 28 12 50 22 35 85 1 83 2 76
17 27 83 45 18 4 95 37 23 96 58 49 36 47 13 10 41 38 37 6
22 92 59 68 51 15 65 88 18 69 40 49 7 11 78 14 95 94 45 27
13 36 33 22 29 49 11 10 50 91 15 71 87 83 63 26 76 89 28 9
98 9 96 58 72 79 28 9 63 67 85 16 40 66 46 47 17 85 16 99
42 87 28 97 60 89 92 90 51 60 96 22 51 95 55 44 16 9 51 69
27 45 53 43 45 52 12 90 86 91 47 39 84 9 21 77 69 56 5 69
99 47 66 91 71 2 9 26 43 54 52 30 4 94 97 92 2 67 12 85